{
 "cells": [
  {
   "cell_type": "code",
   "execution_count": 1,
   "metadata": {},
   "outputs": [],
   "source": [
    "import numpy as np\n",
    "import bfm\n",
    "import neal\n",
    "from dwave.samplers import SimulatedAnnealingSampler\n",
    "import matplotlib.pyplot as plt\n",
    "from sklearn.preprocessing import MinMaxScaler\n",
    "import itertools\n",
    "import pprint\n",
    "import numpy.linalg as linalg"
   ]
  },
  {
   "cell_type": "code",
   "execution_count": 2,
   "metadata": {},
   "outputs": [],
   "source": [
    "# Nbits (列数)\n",
    "N = 16\n",
    "# 反復回数\n",
    "N_iter = 600\n",
    "# 初期学習データ (行数)\n",
    "N_initial_samples = 10\n",
    "\n",
    "# epoch数: 2000\n",
    "# 学習率: 0.01\n",
    "# 1回に作られるサンプル数: 3\n",
    "\n",
    "sampler = SimulatedAnnealingSampler()\n",
    "sampler.parameters[\"seed\"] = 0\n",
    "\n"
   ]
  },
  {
   "attachments": {},
   "cell_type": "markdown",
   "metadata": {},
   "source": [
    "### QUBO模型の定義\n",
    "\n",
    "QUBOとはQuadratic Unconstrained Binary Optimizationの略で、制約条件なし0-1整数二次計画問題のことです。\n",
    "\n",
    "QUBO模型は以下のような形のバイナリ変数の多項式関数で表されます。\n",
    "\n",
    "$\n",
    "\\displaystyle H = \\sum_{i<j} J_{ij} q_i q_j + \\sum_i h_i q_i \\quad q_i\\in\\{0, +1 \\}\n",
    "$\n",
    "\n",
    "HOBO(Higher Order Binary Optimization)\n",
    "\n",
    "$\n",
    "\\displaystyle H = \\sum_{i<j<k} J_{ijk} q_i q_j q_k + \\sum_i h_i q_i \\quad q_i\\in\\{0, +1 \\}\n",
    "$\n",
    "\n",
    "(FixstarsAmplify 1-tutorial-basic.jpynbより引用)"
   ]
  },
  {
   "cell_type": "code",
   "execution_count": 3,
   "metadata": {},
   "outputs": [],
   "source": [
    "## オリジナルブラックボックス関数\n",
    "\n",
    "# QUBOをブラックボックス関数として設定\n",
    "# 上記に従ってコスト関数を設定\n",
    "\n",
    "# def cost_function(x, J, h):\n",
    "#     cost = 0\n",
    "\n",
    "#     # 1次の項について\n",
    "#     for i in range(N):\n",
    "#         cost += h[i] * x[i]\n",
    "\n",
    "#     # 2次の項について\n",
    "#     # i = jのときは対角成分すなわち一次の項なので計算してはいけない。よってfor j in range(i+1, N):としてi, jが一致しないように変更(2023/05/12)\n",
    "#     for i in range(N):\n",
    "#         for j in range(i+1, N):\n",
    "#             cost += J[i, j] * x[i] * x[j]\n",
    "\n",
    "#     return cost\n",
    "\n",
    "# もっとシンプルに表現\n",
    "def cost_function(x, Q):\n",
    "    cost = 0\n",
    "\n",
    "    # i, jが同じ場合は(x[i])^2となるが、Binaryなのでxは0か1。よって(x[i])^2 = x[i]なのでfor j in range(N)としても問題ない。i, jが一致する場合は自動的に一次の項におけるエネルギー値が計算される。\n",
    "    for i in range(N):\n",
    "        for j in range(N):\n",
    "            cost += Q[i, j] * x[i] * x[j]\n",
    "\n",
    "    return cost"
   ]
  },
  {
   "cell_type": "code",
   "execution_count": 4,
   "metadata": {},
   "outputs": [
    {
     "name": "stdout",
     "output_type": "stream",
     "text": [
      "xs: [[1 1 1 0 0 0 0 0 0 1 1 1 1 1 1 1]\n",
      " [1 1 1 1 0 1 1 0 0 1 1 0 1 1 1 0]\n",
      " [0 1 0 1 0 0 0 0 0 0 0 0 0 1 1 1]\n",
      " [0 1 1 0 0 1 1 1 0 1 1 1 1 1 1 0]\n",
      " [1 0 1 1 1 1 0 0 0 0 1 1 0 1 1 0]\n",
      " [1 1 0 0 1 1 1 0 1 0 0 1 0 0 1 1]\n",
      " [0 0 0 1 0 1 0 0 1 1 0 0 1 0 1 0]\n",
      " [1 0 1 1 1 0 1 0 1 0 1 0 1 0 1 1]\n",
      " [1 0 1 1 1 0 1 1 0 0 1 0 1 1 1 1]\n",
      " [0 0 0 1 0 0 0 0 1 1 0 1 1 1 0 0]]\n",
      "Q: [[ 5.15457691e-01 -7.02471976e-01  4.38439546e-01 -7.50890588e-01\n",
      "  -1.86979327e-01 -2.38458983e-01  3.35778811e-01  4.68694548e-02\n",
      "  -5.43526828e-05  7.37708589e-01 -6.34113351e-01  7.55057812e-01\n",
      "  -7.22136642e-01  1.41369572e-01  1.38051709e-01  1.28825642e-01]\n",
      " [-7.02471976e-01  9.45257628e-01 -9.68016541e-01 -4.23338486e-01\n",
      "   8.19917923e-01 -1.40451878e-01  9.16827264e-01 -8.22128720e-01\n",
      "   4.88194959e-01  2.68139959e-01  9.26038280e-01 -8.26370256e-01\n",
      "   4.07571539e-01 -8.12309693e-01  6.51914444e-01 -3.10021153e-02]\n",
      " [ 4.38439546e-01 -9.68016541e-01  5.15902005e-01  1.72246130e-01\n",
      "  -9.13866223e-01 -2.23009063e-02  8.51429154e-01  9.63885386e-01\n",
      "  -6.45546519e-01 -6.85661240e-03  6.01834073e-01  4.16837514e-01\n",
      "   6.42206177e-01 -2.17239147e-01  6.43209469e-02  7.97647530e-01]\n",
      " [-7.50890588e-01 -4.23338486e-01  1.72246130e-01  1.08181004e-01\n",
      "   6.45412560e-01  9.52924644e-01  4.96497007e-01  1.42791201e-01\n",
      "  -2.23866536e-01 -6.72913168e-01 -3.74790068e-02  5.78309247e-01\n",
      "   9.63656646e-01 -8.52517973e-01  6.26488191e-01 -8.27975128e-01]\n",
      " [-1.86979327e-01  8.19917923e-01 -9.13866223e-01  6.45412560e-01\n",
      "  -1.69231925e-01  5.51382376e-01  7.21402819e-01 -9.87182235e-01\n",
      "  -8.74209003e-01  3.47466875e-01  6.27068128e-01  5.98392759e-01\n",
      "   6.87581125e-01 -4.76660736e-02  9.94020586e-01  3.92308901e-01]\n",
      " [-2.38458983e-01 -1.40451878e-01 -2.23009063e-02  9.52924644e-01\n",
      "   5.51382376e-01 -3.82285275e-01 -5.05706519e-01  5.45298402e-01\n",
      "   4.51761728e-01 -3.63965224e-01  2.05697810e-01 -3.55426551e-01\n",
      "  -1.51787029e-01 -1.42920784e-01 -2.98890377e-01 -3.44035420e-01]\n",
      " [ 3.35778811e-01  9.16827264e-01  8.51429154e-01  4.96497007e-01\n",
      "   7.21402819e-01 -5.05706519e-01 -7.17506886e-01  9.56531428e-01\n",
      "  -8.24464226e-01  4.21759727e-01  3.10242128e-01  5.93278365e-01\n",
      "   9.59377417e-01 -1.52525114e-01 -6.57957120e-01 -6.49180500e-01]\n",
      " [ 4.68694548e-02 -8.22128720e-01  9.63885386e-01  1.42791201e-01\n",
      "  -9.87182235e-01  5.45298402e-01  9.56531428e-01  1.79740057e-01\n",
      "  -2.09816583e-01 -7.92893423e-02  8.27381525e-01 -5.49343116e-01\n",
      "   9.47968810e-01  1.72600707e-01 -2.16650401e-01  3.49597300e-01]\n",
      " [-5.43526828e-05  4.88194959e-01 -6.45546519e-01 -2.23866536e-01\n",
      "  -8.74209003e-01  4.51761728e-01 -8.24464226e-01 -2.09816583e-01\n",
      "   7.47045262e-01  1.49397211e-02 -8.69459167e-01 -2.75384099e-01\n",
      "   7.35395840e-03 -7.54618680e-01  5.06099980e-01 -2.74356098e-01]\n",
      " [ 7.37708589e-01  2.68139959e-01 -6.85661240e-03 -6.72913168e-01\n",
      "   3.47466875e-01 -3.63965224e-01  4.21759727e-01 -7.92893423e-02\n",
      "   1.49397211e-02  5.79331465e-01  6.69976408e-01 -1.65103776e-01\n",
      "   5.06893077e-01  8.67537820e-01 -1.21542136e-01 -3.40208335e-01]\n",
      " [-6.34113351e-01  9.26038280e-01  6.01834073e-01 -3.74790068e-02\n",
      "   6.27068128e-01  2.05697810e-01  3.10242128e-01  8.27381525e-01\n",
      "  -8.69459167e-01  6.69976408e-01 -2.36370440e-01  8.28199673e-02\n",
      "   8.27675335e-01  3.68100896e-01  1.76760219e-01  8.87355530e-01]\n",
      " [ 7.55057812e-01 -8.26370256e-01  4.16837514e-01  5.78309247e-01\n",
      "   5.98392759e-01 -3.55426551e-01  5.93278365e-01 -5.49343116e-01\n",
      "  -2.75384099e-01 -1.65103776e-01  8.28199673e-02 -7.74772669e-01\n",
      "  -4.77058561e-02  6.47562717e-01 -7.45283056e-01 -6.01403319e-01]\n",
      " [-7.22136642e-01  4.07571539e-01  6.42206177e-01  9.63656646e-01\n",
      "   6.87581125e-01 -1.51787029e-01  9.59377417e-01  9.47968810e-01\n",
      "   7.35395840e-03  5.06893077e-01  8.27675335e-01 -4.77058561e-02\n",
      "   7.27572482e-01  7.93602465e-01  4.52247022e-01  2.43473157e-02]\n",
      " [ 1.41369572e-01 -8.12309693e-01 -2.17239147e-01 -8.52517973e-01\n",
      "  -4.76660736e-02 -1.42920784e-01 -1.52525114e-01  1.72600707e-01\n",
      "  -7.54618680e-01  8.67537820e-01  3.68100896e-01  6.47562717e-01\n",
      "   7.93602465e-01  1.66640094e-01 -4.39835196e-01 -9.51973599e-01]\n",
      " [ 1.38051709e-01  6.51914444e-01  6.43209469e-02  6.26488191e-01\n",
      "   9.94020586e-01 -2.98890377e-01 -6.57957120e-01 -2.16650401e-01\n",
      "   5.06099980e-01 -1.21542136e-01  1.76760219e-01 -7.45283056e-01\n",
      "   4.52247022e-01 -4.39835196e-01 -6.18764879e-01 -6.73263818e-01]\n",
      " [ 1.28825642e-01 -3.10021153e-02  7.97647530e-01 -8.27975128e-01\n",
      "   3.92308901e-01 -3.44035420e-01 -6.49180500e-01  3.49597300e-01\n",
      "  -2.74356098e-01 -3.40208335e-01  8.87355530e-01 -6.01403319e-01\n",
      "   2.43473157e-02 -9.51973599e-01 -6.73263818e-01  7.66837467e-01]]\n",
      "Qのサイズ: 256\n",
      "重複していない要素の数: 16 \t(正しいQUBOが生成されています。)\n",
      "ys: [0.8326206332287504, 1.117210742767411, -0.44489730500907854, 1.3752277732969715, 0.5049811044927565, -0.0008920168942541226, 0.47118538337406707, 0.8067831182729931, 1.5133230619010716, 0.31579402282282415]\n"
     ]
    }
   ],
   "source": [
    "# Create initial samples\n",
    "# 初期入力データを作成する\n",
    "\n",
    "# random.default_rng(0)ではシード値0でdefault_rngのインスタンスrngを作る\n",
    "rng = np.random.default_rng(0)\n",
    "\n",
    "# xs_realとして、N個(行) × Nビット(列)の0, 1の整数乱数配列を生成する。\n",
    "# xsはN_initial_samples個(行) × Nビット(列)の0, 1の整数乱数配列とする。\n",
    "xs = rng.integers(2, size=(N_initial_samples, N))\n",
    "# print(f\"xs_real: {xs_real}\")\n",
    "print(f\"xs: {xs}\")\n",
    "\n",
    "# QUBO行列(対角成分: 1次の項である局所磁場h, 非対角成分: 2次の項である相互作用パラメータJ　で構成される)を作成\n",
    "Q = np.zeros((N, N))\n",
    "for i in range(N):\n",
    "    for j in range(N):\n",
    "        if i == j:\n",
    "            Q[i, j] = rng.uniform(-1, 1)\n",
    "        else:\n",
    "            val = rng.uniform(-1 ,1)\n",
    "            Q[i, j] = val\n",
    "            Q[j, i] = val\n",
    "\n",
    "print(f\"Q: {Q}\")\n",
    "print(f\"Qのサイズ: {Q.size}\")\n",
    "\n",
    "unique_Q, counts = np.unique(Q, return_counts=True)\n",
    "if len(unique_Q[counts == 1]) == N:\n",
    "    print(f\"重複していない要素の数: {len(unique_Q[counts == 1])} \\t(正しいQUBOが生成されています。)\")\n",
    "else:\n",
    "    print(f\"Error! \\t(重複していない要素の数: {len(unique_Q[counts == 1])})\")\n",
    "# # J, hそれぞれ1に設定\n",
    "# J = np.ones((N, N))\n",
    "# h = np.ones(N)\n",
    "\n",
    "# コスト関数の返り値を求める\n",
    "# itertools.product(range(a), repeat=N)とすることで、a未満の自然数で構成されるNビット列を生成できる。\n",
    "ys_all =[cost_function(x, Q)for x in itertools.product(range(2), repeat=N)]\n",
    "ys = [(cost_function(x, Q)/abs(min(ys_all))) for x in xs]\n",
    "print(f\"ys: {ys}\")"
   ]
  },
  {
   "attachments": {},
   "cell_type": "markdown",
   "metadata": {},
   "source": [
    "### QUBO模型の定義\n",
    "\n",
    "QUBOとはQuadratic Unconstrained Binary Optimizationの略で、制約条件なし0-1整数二次計画問題のことです。\n",
    "\n",
    "QUBO模型は以下のような形のバイナリ変数の多項式関数で表されます。\n",
    "\n",
    "$\n",
    "\\displaystyle H = \\sum_{i<j} J_{ij} q_i q_j + \\sum_i h_i q_i \\quad q_i\\in\\{0, +1 \\}\n",
    "$\n",
    "\n",
    "(FixstarsAmplify 1-tutorial-basic.jpynbより引用)"
   ]
  },
  {
   "cell_type": "code",
   "execution_count": 5,
   "metadata": {},
   "outputs": [
    {
     "name": "stdout",
     "output_type": "stream",
     "text": [
      "ys_all: [0.0, 0.7668374672671239, -0.6187648791919635, -1.198455047377015, 0.1666400938469519, -0.9704696362005272, -1.3317951778790138, -3.815432543378669, 0.7275724821941698, 1.543104580812234, 1.0133016467381275, 0.48230610990401623, 2.481417505096161, 1.3930024063996223, 1.887476277106116, -0.5474664570425976, -0.7747726689188856, -1.2107418389338171, -2.8841036604241648, -4.666600465891273, 0.6869928584991529, -1.6529235088303813, -2.3020085255401286, -5.988452528321838, -0.1426118988497036, -0.5298864375136949, -1.3474488466190617, -3.0812510207352277, 2.906358557623374, 0.6151368216447801, 0.8218512173200139, -2.815898154110755, -0.2363704400675224, 2.3051780881163526, -0.5016148815426267, 0.693406011189073, 0.6664714460795615, 1.3040727769488336, -0.4784433879295449, -1.1873696925124482, 2.146552712819299, 4.736795872354113, 2.785802315080116, 4.029517839162756, 4.636599528021422, 5.322895490241635, 4.396178737748237, 3.7359470645162753, -0.8455031744657497, 0.49323871643606987, -2.60131372825417, -2.609099472804526, 1.3524641452524209, 0.7872588388396375, -1.2830168010700014, -3.1947497429349596, 1.4420082662960838, 2.829444788548844, 0.5906917562435849, 0.6316006430441694, 5.227180515069294, 4.710669840007451, 3.4961936124827933, 1.6331553019687763, 0.5793314649197407, 0.665752262162608, -0.2825176868389969, -1.5426245250483048, 2.481047198594063, 0.6635207985223279, 0.7395276543013234, -2.424526381222587, 2.3206901014495314, 2.455805530043339, 2.363334993426715, 1.151922786568347, 5.809610764178894, 4.0407789954580995, 4.972585263622075, 1.8572258594491042, -0.5256487551816256, -1.6420345952208137, -2.878064019253679, -5.340977494745044, 2.6711924120637836, -0.34914062529000733, -0.5608932445422719, -4.927753917348239, 1.1202981692231773, 0.0526069605349293, -0.327623051112955, -2.741841895253378, 5.904344265523626, 2.9327058595207744, 3.576752652653491, -0.7414133888015353, 1.6829138406858206, 3.5440456988454394, 1.1745851266439422, 1.689189349351385, 4.320831366660275, 4.278016027505291, 2.9328322600843943, 1.5434892854772346, 5.079623147908263, 6.98944963741882, 5.475788477602306, 6.039087331660689, 9.304745602937759, 9.310624895133712, 8.8212405400978, 7.480592196841577, 0.7435735551051126, 1.4018987759826753, -1.2553212712500816, -1.9435236858246938, 4.676616514650654, 3.4309945382136147, 1.7980512957614578, -0.794098316127757, 4.044871150202567, 4.751891002431071, 2.9504703675832946, 2.310962584359623, 9.56511903880315, 8.36819169371705, 7.5910478636498775, 5.0475928831116015, 0.7470452622414643, 0.9651705329603326, 1.1404803425122063, 0.012077977778899296, -0.5955520032072901, -2.2813739298030247, -1.0817873154705502, -4.11413687751846, 1.48932566123795, 1.7561455633077585, 2.7872547852446132, 1.7075470518622469, 1.733933324844235, 0.09680602959944062, 2.1521920563168964, -0.8314628743800736, -0.578495604739145, -1.5631769713023318, -1.6756266367817187, -4.006835638797082, -0.6259674366168126, -3.514596000494602, -2.602768861193389, -6.837925060523354, 0.06837308213235294, -0.8676136530798939, -0.12426390617429961, -2.406778276838722, 1.6081061793097247, -1.2318277532171251, 0.53579879846907, -3.6506627695099545, -1.2282435121808926, 0.7645928194547269, -0.48128799419329127, 0.16502070199015284, -1.8346389853295146, -1.7457498510084988, -1.9673538598759157, -3.2249923610070743, 1.1693875575082446, 3.2109185204948045, 2.8208371192317676, 3.515840446766152, 2.1501970134146617, 2.287780779086618, 2.9219761826041815, 1.713032312823963, -2.3881444446408437, -1.5981147502872797, -3.131755038966558, -3.68825298006517, -1.6994144842183792, -2.8133319871794176, -3.322695471078095, -5.7831406094913085, -0.0859250870766941, 0.7527992386278102, 0.07495836233351261, -0.43284494741415847, 2.1900098024008097, 1.1247869307907103, 1.4712228592770138, -0.9405276477852602, 1.3562561693393136, 0.8939647700339253, 1.5066069770432813, -0.30221205771428217, 1.74873454371793, -0.6175040529020612, 1.0194149588878956, -2.6933512731842706, 3.11232272267142, 2.6987259547169726, 4.16716757411131, 2.4070431707046858, 5.092006026105075, 2.7744620608360253, 5.267180485010962, 1.6031088842897352, -0.29949224882377634, -1.9645902854112198, -1.6397075534331242, -4.651333225472744, 1.3881115591259268, -2.18093367477612, -0.8317741380174233, -5.747347007371646, 1.3611625923833424, -0.25524081285316114, 0.9254413315099157, -2.0374897091787627, 4.6359713293880835, 1.1156207268369784, 3.320579675980656, -1.5462985620226255, 0.720920210750559, 2.033339872361922, 1.2247914561713862, 1.1906834823305734, 1.8496003774293075, 1.2580728417260674, 1.473801230316132, -0.46425394083928295, 4.132337434775318, 5.493451727737622, 5.540702723932066, 5.555289381442192, 6.848222530509105, 6.305389626156806, 7.376917427131851, 5.487556887327376, -0.7691882728918726, -0.6595752485625652, -1.7558831397843613, -2.992797750907229, 1.6546173273579625, -0.139716845627333, -0.21174793206852827, -3.3526097405059985, 2.546817239007898, 2.7051248946881454, 2.4646164158513306, 1.2763964360794036, 6.557827768312771, 4.812188226678419, 5.595956552622203, 2.503789375535673, 0.17974005664190096, 1.6457721237781404, -0.8723256247344513, -0.7528211930503872, 0.6915815648519903, 0.2536664346736268, -1.240154509058364, -3.0245972746889027, 2.803250158245491, 4.31797685673267, 2.6556785206050604, 2.8238775836400647, 4.902296595510619, 4.513076096683198, 3.8750545653361863, 2.139306431056588, -1.693718844774324, -1.4304934149201398, -4.236350638463992, -5.319652844061984, 0.1132480970068519, -1.527473670453567, -3.3090540892168185, -6.296303492129413, 0.8343795447042786, 1.1462996059094028, -0.8037582052494683, -1.8383657794965198, 4.228551415540494, 2.636524279431015, 1.7107432730527445, -1.2278114985089092, 1.5981326674039342, 4.838875795456925, 0.8995874237444412, 2.793802916345257, 2.8461759679141556, 4.182971898652543, 1.2679603317206602, 1.2582286270068719, 5.8769934397001755, 9.166431199104107, 6.082942239776605, 8.02585236372836, 8.712241669265438, 10.097732231354767, 8.038520076807863, 8.077483003445018, -0.10968629949163256, 1.9282501912793024, -2.2987976554644414, -1.607388800145682, 2.433482434589675, 2.5674717280460078, -0.6352993139171355, -1.8478376559129788, 4.073762760679622, 6.160393882801497, 2.789145448442735, 3.5292489351124354, 8.20413642381597, 8.386820348623244, 6.03984871904508, 4.876005008400179, 0.6004928370309408, 1.3861082341429236, -0.6946571169121856, -1.2555693552523781, 2.847409985068401, 1.7290781848657806, 0.672589638591272, -1.7922697970635233, 4.237789092970152, 5.072099121433075, 3.8471331827629474, 3.334915575773695, 8.071911170062652, 7.0022740012109725, 6.801584867321445, 4.385420063017591, -1.603173615567765, -2.0203648557378373, -4.388889681824207, -6.152608557446456, 1.9388689660407818, -0.38226947144389367, -1.7265174927496625, -5.394183565686513, 1.9387109282464585, 1.5702143194273261, 0.05748890572593757, -1.6575353385453702, 7.067958438910043, 4.79551463277631, 4.30706602385552, 0.6880945822696098, 3.3588382636265766, 5.91916472165531, 2.417208747400309, 3.631007569976868, 6.341957203964168, 6.9983364646782995, 4.520657295203899, 3.8305089204658547, 8.65148519025844, 11.260506279638111, 8.614349717768096, 9.87684317169559, 13.221809059651072, 13.926882951716141, 12.305003194626728, 11.663549451239616, 1.320811745548529, 2.6783315662952076, -1.111383882991054, -1.1003916976965509, 5.599056119457209, 5.052628742889285, 2.287190098383623, 0.3942350863635229, 6.518046960055406, 7.924261412153022, 4.990345375251744, 5.050032191897184, 12.383496263019126, 11.885763517802138, 9.976124285681465, 8.131863905012299, 0.5071521523152356, 1.4244720229032195, 0.4672864304015889, 0.03807866553739747, -0.4902436987703813, -1.4768710254970006, -1.4097798132180301, -3.7429347753968236, 3.1453701707211414, 4.111384672660066, 4.009998492543417, 3.6294853590301654, 3.7351792486905637, 2.7972465533148854, 3.7201371779788355, 1.435676847150982, -1.917074947162713, -2.202561713856785, -3.4475067813896754, -5.079521183535922, -1.619345364677243, -3.8087793286859175, -4.029447591438208, -7.565409190899057, 0.6257313591182054, 0.38893922377507417, -0.0002064313728358247, -1.5835262021681422, 2.5106658706587144, 0.3699265380009802, 1.0050576876336708, -2.482209280476239, 0.1866264287224344, 2.8786573602271694, 0.500281144525647, 1.8457844405782067, -0.07456763006305045, 0.7135161041270817, -0.64058330679384, -1.1990272080558833, 4.480195117820992, 7.220920680676668, 5.698343877360127, 7.092541804763625, 5.8062059880905466, 6.64298435363162, 6.144684355095677, 5.6349350851845745, -2.071960736234856, -0.5827364420121763, -3.2488721327449595, -3.1061754739744547, -1.0380293614492546, -1.4527522645411772, -3.0946111504933596, -4.855861689037457, 2.126196240738714, 3.664115166312334, 1.853778887964532, 2.0451701780859777, 4.747332544579355, 4.381304272838372, 3.5952447992711702, 1.882688892078013, 0.957784374882384, 1.1946875754461113, 0.6748343804019632, -0.4347900544864849, 1.6954641636241379, 0.02842016687326221, 0.5328437766097149, -2.480727855593336, 4.609788547623911, 4.895386379538579, 5.231332596879413, 4.170402793341904, 6.934673265420704, 5.31632390002077, 6.676546922142201, 3.711669921290092, -1.7966502757780454, -2.7625537124963735, -3.5701663825717818, -5.882597454742285, 0.23615494653479518, -2.6336956874981357, -2.4170315527929436, -6.633409822278049, 1.759942184838494, 0.842733379471106, 0.8909201217806786, -1.372816319038885, 5.379952336206372, 2.5587963335243815, 3.6312598806145546, -0.5364237575196102, 1.9772114671231855, 3.9888257286036635, 2.0477819103596238, 2.7128685363879272, 3.4510930481650703, 3.5587601123309454, 2.6419930988675064, 1.4031325275812068, 7.284566310557365, 9.344875203388783, 8.259630797529724, 8.973412054908968, 10.345652820654292, 10.502014516171107, 10.441046915092652, 9.25088097515729, -0.611583249016586, 0.197224375181837, -2.031578918093463, -2.569298929347215, 2.157423765596387, 1.062284192480206, -0.14224229601449312, -2.5839095045828486, 4.600359882292606, 5.457862137841969, 4.08485825695165, 3.5958328770488386, 8.95657182596062, 7.91012688419538, 7.561399808085661, 5.168427230868247, -0.7175068861979368, -1.2490304189904884, -2.652186005307204, -4.530237173551932, -0.8559170204691955, -3.2913877505763502, -3.670266532112465, -7.452264897671794, 1.928820430034859, 1.4459915285932474, 0.8986353546615131, -0.9307211822322738, 3.3776152248186397, 0.990839126062425, 1.4677597569112908, -2.2655439772970984, -0.305722824132604, -2.0400529942072114, -3.730968055555187, -6.811825861081969, 0.850992475167224, -2.787284892221986, -3.453923148789361, -8.438728151630746, 2.245192779975204, 0.559557241251537, -0.2755584077114577, -3.3077215818872996, 4.989113008330071, 1.3995302722918015, 1.5886914281094071, -3.347418943381038, -0.33339307029993814, 0.9097944578242612, -1.914551751692346, -2.017891859020322, 0.2643985877289352, -0.3963610814614684, -2.1964304861974746, -4.203717790840054, 3.968284916625509, 5.2601670761006485, 3.291620278969023, 3.2369748029919876, 6.153281503709422, 5.54121646586996, 4.596946473518933, 2.6383538002272955, 0.24403092628605294, 0.28441181712819685, -2.8276938674196703, -4.133840612029703, 2.136948017886013, 0.27338171141355394, -1.814447168353713, -5.0245411102783475, 4.450297201086513, 4.539372723279598, 2.283066451116711, 1.02561433785762, 7.930419221741513, 6.115547546619995, 4.8835180792377075, 1.722118768664014, 0.7053440317855835, -0.506596171031225, -1.4724193598904578, -4.0308871981594425, 2.3020095373416956, -0.8138778627897159, -0.7554242468683479, -5.2178392824519335, 4.365457502354001, 3.2022119308881316, 3.092188154413881, 0.5824149474958367, 7.5493279369651525, 4.482135168184682, 5.39638819649103, 0.9826677922583835, 0.7869205426684356, -1.627826297430428, -2.881408961320921, -6.642683436871961, 3.6787114817956343, -0.6399825556178325, -0.8692884147277249, -6.534510087593366, 4.351622301111865, 1.9855700923639408, 1.5877868408584292, -2.1247930033416704, 8.830618169294105, 4.560618763231577, 5.187112316506666, -0.4294147250080371, 2.4294106635171846, 2.9921815216171272, 0.6051677095580024, -0.17858906779423034, 4.762277961373429, 3.4211016221587687, 2.0583646148802446, -0.6293393597865911, 7.744874804778254, 8.356340294229135, 6.825125894554993, 6.0900637485537, 11.664947031689538, 10.372465323825818, 9.865527728932275, 7.226518385616378, 2.676627108920695, 2.036591329738582, -0.6381819573518024, -2.6247453719860907, 6.304619840348026, 3.760636863851311, 2.1101403815415267, -1.7803702304073643, 7.896679538056777, 7.305338390225602, 5.486364515520199, 3.5484957322368507, 13.111877198539146, 10.61658885339337, 9.821891783468566, 5.980075802870616, -1.6193900769185257, -2.699625806259333, -2.541869236565087, -4.968632601358069, -3.267037570485491, -6.251220497140901, -5.0691871226660545, -9.399897684773642, 1.0416451561165863, 0.010104058126719107, 1.0236600402059461, -1.3544086932360968, 0.9812025916046607, -1.9542857036998091, 0.08354708316001802, -4.198468847596628, -1.7583742129149162, -4.041416579537779, -4.171419484874793, -7.800989486949831, -2.1108962729107947, -6.297885836848259, -5.403611937404674, -10.937129136794315, 0.8072493079952077, -1.4270984272767149, -0.7013019202287485, -4.282177290952847, 2.0419321770543686, -2.0963627555321565, -0.3462894437035895, -5.83111201174229, -2.974194595375361, -2.2797192637994175, -3.5431533173050633, -4.195205621181296, -3.885640296642195, -5.095112162380852, -5.334269411105899, -7.890268912296731, 1.342191308352402, 2.085361271279286, 1.677726630158621, 1.0743689576333302, 2.0179505361406087, 0.85717330175289, 1.4738154654128246, -1.0334894044270693, -2.9475387968510938, -3.455870102557205, -5.007063631094111, -6.861922572252398, -2.5638590645468398, -4.976137567567553, -5.503054291323859, -9.26186042979675, 1.2734353947516817, 0.8137987203965105, 0.11840460424458477, -1.6877597055627627, 3.2443200561109746, 0.8807361844412009, 1.2096188730698758, -2.5004926340520734, -0.16665971675689661, -1.9273121161219606, -1.3322231489702325, -4.439403183787473, -0.07923157049649099, -3.743831167176158, -2.124465395243829, -7.1355926273756705, 3.5081616706138363, 1.7962039025997125, 3.247092282136421, 0.1886068786701225, 5.1827947459292805, 1.5668897806005542, 4.042054964917865, -0.9203776358630376, -0.6358514039357681, -3.599310440582888, -3.2919809484624194, -7.601967620561714, 0.7467021758957244, -4.120704058065998, -2.7890977611649292, -9.003031630578828, 2.9435582713099766, 0.02879386601379741, 1.191922770519246, -3.0693692702291084, 5.913316780196508, 1.0946051775857266, 3.2820108868717757, -2.883228351191181, -0.18151141938013016, -0.16745275782844327, -0.9935544138766061, -2.326023387777095, 0.6421185191804077, -1.2477700165825083, -1.0495948678500715, -4.286011039065162, 5.148660638683253, 5.2114139315858825, 5.241111687922699, 3.957337345373152, 7.559495506298832, 5.718301601886855, 6.772276163004273, 3.584554623140124, -0.48506317203834337, -1.6738111477687112, -2.7876722788481354, -5.3229478900306795, 1.6336922000932812, -1.4590029729516902, -1.5485872992505136, -5.987810107747659, 4.749697173900053, 3.609643829520626, 3.3515821108261834, 0.8650011309945793, 8.455657475086719, 5.4116569333926865, 6.177872019478845, 1.7873438423326398, 1.375296025804547, 1.5429670928811108, -0.9926838954891088, -2.1715404638647207, 1.5820873058964258, -0.1541888243416134, -1.6655630079312322, -4.748366773621447, 5.917560961446762, 6.133926659874268, 4.4540750838890295, 3.3239131468643572, 7.711557170593681, 6.023975671706584, 5.368400900501943, 2.3342917661626696, 0.6883938553725404, -0.34674171483295124, -3.1701521782344315, -5.551815383892098, 2.190310569035506, -0.7487721984845888, -2.547905857105468, -6.833516260077737, 5.135247078889767, 4.148806140035219, 2.1811950890187193, -0.15177348528800771, 8.224368721607775, 5.333980585438621, 4.390646339202721, 0.15373056758139203, 3.4141728925321013, 5.356555020525416, 1.3997134089553052, 1.9955679014964445, 4.3571659649241115, 4.395600895602824, 1.4630360888133136, 0.15494338403985042, 9.611788498866968, 11.602865258211224, 8.501823059026094, 9.146372182918173, 12.14198650031402, 12.229116062343673, 10.152350667939142, 8.892952594516618, 2.8929106566207534, 3.632486147332013, -0.6121149392693597, -1.219067084010275, 5.131029162583851, 3.9666574559805077, 0.746333174159737, -1.764566167895782, 8.995114550830632, 9.783384672892833, 6.3945829986764435, 5.836325485286467, 12.820437985848772, 11.704760910596368, 9.340236041160576, 6.878031330456, 2.6395682592573664, 2.1268226563096735, 0.028504065396936396, -1.8307691730029316, 4.581435179176615, 2.1647423789143208, 1.0907005927821833, -2.6725198429322874, 8.195619349235205, 7.731568377638451, 6.4890491991106956, 4.678470592061768, 11.724691198209493, 9.356693029298139, 9.138450655550983, 5.423924851187458, 1.622458537642879, -0.09309370258686922, -2.4791717685308665, -5.541251644212791, 4.859450891133215, 1.2399514535888636, -0.12184980757453268, -5.087876880571059, 7.083097915495728, 5.416240306616922, 3.8859616530579055, 0.8725764087269219, 11.907295198041107, 8.336490391847697, 7.83048854306928, 2.9131561014236933, 6.018397941818522, 7.28036339978758, 3.760854185674953, 3.6762920081918358, 8.696466654037906, 8.05448491469236, 5.559252505360329, 3.5707431305626134, 13.229799702489009, 14.540459791809008, 11.876749990081361, 11.840882443949186, 17.49507334376343, 16.901786235768824, 15.262353238821778, 13.322538495375, 5.166928154724692, 5.226086975411695, 1.4188182862678074, 0.13144947150263486, 9.140122300515163, 7.295333923887563, 4.512342039524272, 1.3210260274444987, 12.282918203270192, 12.390771655308138, 9.439302378549229, 8.200628195134996, 17.8433172781157, 16.047223532839045, 14.120031060860732, 10.977409680131894, 0.053779668515828716, -0.32726146095586306, -1.3020002933151216, -3.0295690582389883, -1.2486664106879988, -3.533654737474293, -3.484116765052951, -7.11563272729142, 4.610752520960361, 4.2784060228396115, 4.159466602865332, 2.4805924692924055, 4.8955113708115725, 2.659217675376219, 3.564555060182541, -0.018266270704988097, -1.1838906999779015, -2.767738466731649, -4.030236774122168, -6.960612176328089, -1.1912113456106423, -4.679006309678991, -4.917227812288911, -9.751550411809436, 3.277670440341643, 1.7425173049388363, 1.3358184099332981, -1.5458623609216842, 4.857554723763941, 1.4184543910465317, 2.036032300821594, -2.7495956673479913, 0.35373820088854857, 1.747408132333608, -0.6485213232255425, -0.6013790272326585, -0.21250608601514687, -0.7227833518846905, -2.0944360026632403, -3.9512409039849596, 6.566061724025733, 8.008426286821733, 6.468296243647562, 6.564133170991388, 7.587022366177076, 7.125439731658474, 6.609586493264903, 4.801476223294129, -0.7182922330845234, -0.5274289389215194, -3.2111178695119307, -4.366782210801102, 0.010588913582867843, -1.7024949895687311, -3.361907115378541, -6.421518653982314, 5.398619577927674, 5.638177503441618, 3.8102879852361884, 2.703318275297957, 7.714705653650102, 6.050316381849447, 5.246703668424616, 2.2357867611717825, 1.3479313441467566, 0.2864735446508082, -0.25093289025096777, -2.658918325199092, 1.7805609047703, -1.1848440920402514, -0.6979737221614266, -5.009906354424153, 6.91869035092691, 5.905927182781902, 6.224320160265108, 3.8650293566679244, 8.938524840605492, 6.021814475145881, 7.364484257409688, 3.1012462564979018, -0.2199465755294543, -2.4842110123074583, -3.309376922240494, -6.920168994470673, 1.5078084186651757, -2.6604032154274306, -2.461292320579867, -7.97603159012465, 5.255400719125712, 3.039830913698647, 3.0704644161505925, -0.4916330247286467, 8.57036064237538, 4.450843639633716, 5.505753946866259, 0.03970930867241784, 2.987842692353079, 3.701095953773882, 1.7424988956722138, 1.1092245216408407, 4.156674045276754, 2.965980109382954, 2.0316598560618866, -0.5055617152840892, 10.213952369825881, 10.975900262597625, 9.873102616880939, 9.288522874200506, 12.969988651804599, 11.827989347261736, 11.749468506325652, 9.260941566330617, 1.5856047071975268, 1.0960513313362736, -1.150305201796654, -2.986386213110082, 4.049561493692289, 1.6560609205164336, 0.433981192164105, -3.306047016463926, 8.71630267254534, 8.275443928035031, 6.884886807287085, 5.097500427324599, 12.767464388095146, 10.42265844627023, 10.056378130302882, 6.365044553025795, -0.382285274561478, -0.303518648235944, -1.598830908281889, -2.86659191740853, -0.5014867481428309, -2.3266673191318996, -2.597702774397244, -5.769410980838488, 0.041713149408743266, 0.16917440708521747, -0.2703384405757465, -1.489404818351448, 1.5097166048824298, -0.266769334755699, 0.31799462236393783, -2.8050189527263663, -1.8679110445210365, -2.991951055477558, -4.575022790554763, -7.04559043696346, -0.6919870845313028, -3.719974292802427, -4.278769223099031, -8.653284066822332, -1.539324332675803, -2.614669712281384, -3.3419420349736084, -5.763815050031365, 1.2238045563689701, -1.7554880205512142, -1.4584835384628374, -5.784303750835196, -0.20726009366453502, 1.64621759357775, -1.0702852896680868, -0.563335237877977, 0.4097402250542441, 0.3592707149819263, -1.3329553634833098, -2.729952509007803, 1.8720890009983377, 3.7742613195915635, 1.9135578487307072, 2.4692025318717583, 4.076294248772156, 4.07451937005078, 3.2380927039705236, 1.8897901897969713, -1.5272459291034353, -0.8765748791432055, -3.8808372374203017, -4.576693822912247, 0.38487982318643055, -0.8683963241679427, -2.8483818776644387, -5.448185660470989, 0.4566914534344497, 1.1560571347456197, -0.9924058111464966, -1.6395677652875023, 3.9560221347793547, 2.7514406187759217, 1.6272544776644062, -0.9238546737912023, -0.5308842582585451, -1.1325343019572678, -1.9905141645457303, -3.938691843696629, 1.0849899079874727, -1.420607333025853, -1.2543103908337145, -5.106435267299215, 0.9069003200472969, 0.3539449076995145, 0.351764457496033, -1.547718590303925, 4.109979415348354, 1.6530768056859686, 2.675173160263088, -1.1282570848514726, -2.3467175794005843, -4.151174260381362, -5.296913598001084, -8.447897914434039, 0.5642820204165202, -3.144121857878861, -3.265584390717983, -8.320515904465541, -1.0043447132197298, -2.7601067628495675, -3.0500466880843096, -6.152336373166321, 3.4938598156524137, -0.16584943129202734, 0.5684874482538322, -4.437749434142784, 0.9840937384720001, 2.1571547556900286, -0.12201573009832578, -0.29548234833247267, 3.33616969701815, 2.605283516921576, 1.3503898359138224, -0.7270239796349285, 4.077228987470495, 5.298984636039462, 3.8756135626360892, 3.750841575752884, 8.016509875071684, 7.33431832632605, 6.9352240577032775, 4.906504873505469, -0.6660996481493808, -0.6958452682134078, -3.2627752290330223, -4.639048484549225, 2.981101743967856, 1.0474089265892255, -0.4952442294497881, -3.775464682280592, 2.331623888724125, 2.350572900011038, 0.6394423515764045, -0.6881362725888578, 7.566030209896402, 5.6810320238687115, 4.99417828021468, 1.7626524587348136, 1.2682834427830934, 0.7983378725603718, 1.063937768525388, -0.752535437149509, -0.3601553900939658, -2.7340481576312903, -1.4441714568856734, -5.164591859875173, 1.7069897835556305, 1.2857388446838491, 2.4071381530338467, 0.6393595787098894, 1.6657558797336107, -0.6594422564527735, 1.486233856677824, -2.1854919149607355, -0.7681105252381888, -2.4408627327429655, -2.46302231180921, -5.4823021547661615, -1.1014239245441613, -4.67812332936354, -3.6760061036491845, -8.59923314392074, -0.42481589659063945, -2.0488734727444764, -1.2152336394257395, -4.185818851031751, 0.8290756331584275, -2.6989291403100117, -0.8410125022106747, -5.715544911131289, -0.29560971067479813, 1.0091557800192315, -0.14643494721564432, -0.1881970919737901, -1.1878467512517252, -1.7870284578722981, -1.9183423803265736, -3.864051722399322, 1.7984473007903905, 3.1519074228353605, 2.8521161079854664, 2.859048594578261, 2.493415189268503, 1.9429281139988694, 2.6674136039295755, 0.7703988932077674, -2.166363744175422, -2.064404890763448, -3.5077550930295835, -4.752323875069784, -1.7634753511812624, -3.5654636950838907, -3.9845370925694255, -7.13305307192423, -0.16771844483522114, -0.017064960072306734, -0.6046157499534621, -1.8004899006427229, 1.822374877213978, 0.06908116466228931, 0.5058071795617349, -2.594014168442129, 1.1495639012641348, -0.0007983389828434273, 0.7021339544396552, -1.7947559212594983, 1.2562007082144464, -1.7981087293471347, -0.0708996311440353, -4.471736704157792, 2.6020563963722925, 1.5003887874762547, 3.059120493283735, 0.6109252489355215, 4.295898132377643, 1.2902833261670026, 3.873291836755083, -0.47885060490773323, -1.217037617939628, -3.570206495468662, -3.155033677077423, -6.854730190058632, 0.18472462258177025, -4.072391452261867, -2.6329418290900275, -8.23658553938584, 0.14004316504354208, -2.1644310811345506, -0.8934588503583321, -4.544460731988602, 3.12901033461998, -1.0794111088727165, 1.2158379266841033, -4.339111152260768, 0.9256235636398455, 1.5499723843096185, 0.8317140545322252, 0.10953523974982282, 1.7684621628902892, 0.48886378624545923, 0.7948822612486668, -1.8312437508483383, 4.033466729440654, 4.706510181461368, 4.844051264068957, 4.170567080637496, 6.4635102577461385, 5.23260651245225, 6.394424399840436, 3.8169930190943724, -1.275338021043259, -1.8537958376555408, -2.8598136424641956, -4.784799094528653, 0.8626260117782714, -1.619779002148614, -1.601520002176667, -5.430452651555727, 1.7370934326325627, 1.2073302473712204, 1.0571118549475478, -0.8191789657659698, 5.462262394509132, 3.0285520119331886, 3.902610424290115, 0.12237240626199553, 0.8880515869819774, 1.666012813176627, -0.7617948489228223, -1.3303612581803481, 1.114051527763762, -0.011934443356191426, -1.41546530067504, -3.887978907247168, 3.2079876303616195, 4.034643487907209, 2.4626352381927408, 1.9427634602861559, 5.021192500198443, 3.9439011604294296, 3.396169715495562, 0.9723507402743734, -1.6962604154749206, -2.121105826562326, -4.836672963693036, -6.608046010232618, -0.17513504112204936, -2.503927649524058, -4.195217981874167, -7.870538225728351, 0.5282639157797335, 0.15211313604326793, -1.7076545887024608, -3.4303330038911013, 3.6365942191876437, 1.3564962421365752, 0.5210053221714475, -3.105620290331797, 2.717839818708476, 5.270512105819877, 1.4215138205205358, 2.6276584721797605, 3.680041551790392, 4.32876664158719, 1.5040451610684495, 0.8062426154130724, 6.693126532780768, 9.29449345124311, 6.301294578328751, 7.556133861338914, 9.242533194917725, 9.939952916065467, 7.971030847931705, 7.321922933627269, 0.29916775077223656, 1.6490334006015814, -2.48772435972902, -2.48438634535185, 2.5564949174252396, 2.0024133699399824, -1.1100675856100188, -3.0106767685474516, 4.179042752719543, 5.577603033899829, 2.296644685954208, 2.3486773316823175, 8.023574848427586, 7.518187932293269, 5.2615063891282485, 3.4095918375417567, 0.5808739187542094, 0.6784184749246023, -1.3120567897173645, -2.561039868999147, 2.5419494993633647, 0.7355468582191547, -0.23065160164221132, -3.3835818782385974, 3.9145961164694723, 4.060835303990805, 2.9261594517338194, 1.7258710038029774, 7.462876626133665, 5.705168616340396, 5.594769568864011, 2.4905339236185657, -2.333645634885169, -3.4389077159968315, -5.717142455670059, -8.168932172233898, 0.9225553792950727, -2.0866538991311927, -3.340611834023819, -7.696348747902261, 0.9046648507051056, -0.15190259905561665, -1.5743379263438626, -3.97743301155676, 5.748070793940386, 2.7875561468650614, 2.3893976243574153, -1.917644658170084, 3.7506149663143105, 5.622870583401456, 2.211204695559596, 2.736932677194565, 6.447892339223597, 6.416200758996139, 4.028811675934881, 2.6505924602552478, 8.739687834722224, 10.660638083160308, 8.104771607703434, 8.67919422068934, 13.024170136686553, 13.041173187810033, 11.509583517133759, 10.180058932805062, 1.0017353471955899, 1.6711843270006785, -2.0282410358724405, -2.7053196915195272, 4.994138153675963, 3.7596399361664496, 1.0844913780739311, -1.4965344748877576, 5.895396503478516, 6.613540114634544, 3.7699141641464085, 3.1415301398502633, 11.475004239013934, 10.28920065285536, 8.469851507147823, 5.937520285537072, 2.118987137758419, 2.348236167404813, 1.481340661316325, 0.3640620555105436, 0.8357497192444976, -0.8389484484237117, -0.6815671497315989, -3.7027929528519823, 4.4536310979403755, 4.731574758937711, 4.720478665234204, 3.651894690779363, 4.757598608481493, 3.131595072164225, 4.144775783241318, 1.1722446114718748, -1.0160930627602025, -1.9896506703958639, -3.1443056515156123, -5.464390894603451, -1.0042050477030375, -3.881709852653302, -4.01208802899245, -8.23612046939489, 1.2231391852967675, 0.2982762090120463, -0.0005793597227212732, -2.271969971459617, 2.822232129408972, -0.006578044190352461, 0.7188431918554803, -3.4564946171960176, 2.209857035130083, 4.213817125693227, 1.9257309964048488, 2.5831634515158184, 1.662821408916294, 1.7628343021648356, 0.4990249776570572, -0.7474897645465777, 6.199851666004692, 8.252506387918777, 6.82021967101538, 7.526346757477288, 7.2400209688459425, 7.388728493445425, 6.980718581322626, 5.782898470469933, -0.7595832308678798, 0.041570222413209734, -2.5342753819064305, -3.079649564077516, -0.011493423510582801, -1.1142871675440964, -2.665855967083136, -5.115177346568824, 3.134999687881741, 3.984847772513772, 2.