{
 "cells": [
  {
   "cell_type": "code",
   "execution_count": 1,
   "metadata": {},
   "outputs": [],
   "source": [
    "import numpy as np\n",
    "import bfm\n",
    "import neal\n",
    "from dwave.samplers import SimulatedAnnealingSampler\n",
    "import matplotlib.pyplot as plt\n",
    "from sklearn.preprocessing import MinMaxScaler\n",
    "import itertools\n",
    "import pprint"
   ]
  },
  {
   "cell_type": "code",
   "execution_count": 2,
   "metadata": {},
   "outputs": [],
   "source": [
    "# Nbits (列数)\n",
    "N = 16\n",
    "# 反復回数\n",
    "N_iter = 600\n",
    "# 初期学習データ (行数)\n",
    "N_initial_samples = 10\n",
    "\n",
    "# epoch数: 2000\n",
    "# 学習率: 0.01\n",
    "# 1回に作られるサンプル数: 3\n",
    "\n",
    "sampler = SimulatedAnnealingSampler()\n",
    "sampler.parameters[\"seed\"] = 0\n",
    "\n"
   ]
  },
  {
   "attachments": {},
   "cell_type": "markdown",
   "metadata": {},
   "source": [
    "### QUBO模型の定義\n",
    "\n",
    "QUBOとはQuadratic Unconstrained Binary Optimizationの略で、制約条件なし0-1整数二次計画問題のことです。\n",
    "\n",
    "QUBO模型は以下のような形のバイナリ変数の多項式関数で表されます。\n",
    "\n",
    "$\n",
    "\\displaystyle H = \\sum_{i<j} J_{ij} q_i q_j + \\sum_i h_i q_i \\quad q_i\\in\\{0, +1 \\}\n",
    "$\n",
    "\n",
    "(FixstarsAmplify 1-tutorial-basic.jpynbより引用)"
   ]
  },
  {
   "cell_type": "code",
   "execution_count": 3,
   "metadata": {},
   "outputs": [],
   "source": [
    "## オリジナルブラックボックス関数\n",
    "\n",
    "# HOBOをブラックボックス関数として設定\n",
    "# 上記に従ってコスト関数を設定\n",
    "\n",
    "def cost_function(x, h, I, J):\n",
    "    cost = 0\n",
    "\n",
    "    # 1次の項について\n",
    "    for i in range(N):\n",
    "        cost += h[i] * x[i]\n",
    "\n",
    "    # 2次の項について\n",
    "    for i in range(N):\n",
    "        for j in range(N):\n",
    "            cost += I[i, j] * x[i] * x[j]\n",
    "\n",
    "    # 3次の項について\n",
    "    for i in range(N):\n",
    "        for j in range(N):\n",
    "            for k in range(N):\n",
    "                cost += J[i, j, k] * x[i] * x[j] * x[k]\n",
    "\n",
    "    return cost"
   ]
  },
  {
   "cell_type": "code",
   "execution_count": 4,
   "metadata": {},
   "outputs": [
    {
     "name": "stdout",
     "output_type": "stream",
     "text": [
      "xs: [[1 1 1 0 0 0 0 0 0 1 1 1 1 1 1 1]\n",
      " [1 1 1 1 0 1 1 0 0 1 1 0 1 1 1 0]\n",
      " [0 1 0 1 0 0 0 0 0 0 0 0 0 1 1 1]\n",
      " [0 1 1 0 0 1 1 1 0 1 1 1 1 1 1 0]\n",
      " [1 0 1 1 1 1 0 0 0 0 1 1 0 1 1 0]\n",
      " [1 1 0 0 1 1 1 0 1 0 0 1 0 0 1 1]\n",
      " [0 0 0 1 0 1 0 0 1 1 0 0 1 0 1 0]\n",
      " [1 0 1 1 1 0 1 0 1 0 1 0 1 0 1 1]\n",
      " [1 0 1 1 1 0 1 1 0 0 1 0 1 1 1 1]\n",
      " [0 0 0 1 0 0 0 0 1 1 0 1 1 1 0 0]]\n",
      "h: [ 0.51545769 -0.00515461  0.05862432  0.5715714  -0.1706883   0.46896714\n",
      "  0.42228576  0.86411937 -0.77013473  0.45803023  0.85484786  0.93585238\n",
      " -0.97058739  0.72728018  0.96239008  0.91442036], I: [[-7.02471976e-01  4.38439546e-01 -7.50890588e-01 -1.86979327e-01\n",
      "  -2.38458983e-01  3.35778811e-01  4.68694548e-02 -5.43526828e-05\n",
      "   7.37708589e-01 -6.34113351e-01  7.55057812e-01 -7.22136642e-01\n",
      "   1.41369572e-01  1.38051709e-01  1.28825642e-01  5.78495097e-01]\n",
      " [ 4.38439546e-01 -9.68016541e-01 -4.23338486e-01  8.19917923e-01\n",
      "  -1.40451878e-01  9.16827264e-01 -8.22128720e-01  4.88194959e-01\n",
      "   2.68139959e-01  9.26038280e-01 -8.26370256e-01  4.07571539e-01\n",
      "  -8.12309693e-01  6.51914444e-01 -3.10021153e-02  1.13670980e-01]\n",
      " [-7.50890588e-01 -4.23338486e-01  1.72246130e-01 -9.13866223e-01\n",
      "  -2.23009063e-02  8.51429154e-01  9.63885386e-01 -6.45546519e-01\n",
      "  -6.85661240e-03  6.01834073e-01  4.16837514e-01  6.42206177e-01\n",
      "  -2.17239147e-01  6.43209469e-02  7.97647530e-01 -5.55093208e-01]\n",
      " [-1.86979327e-01  8.19917923e-01 -9.13866223e-01  6.45412560e-01\n",
      "   9.52924644e-01  4.96497007e-01  1.42791201e-01 -2.23866536e-01\n",
      "  -6.72913168e-01 -3.74790068e-02  5.78309247e-01  9.63656646e-01\n",
      "  -8.52517973e-01  6.26488191e-01 -8.27975128e-01  1.15495165e-01]\n",
      " [-2.38458983e-01 -1.40451878e-01 -2.23009063e-02  9.52924644e-01\n",
      "   5.51382376e-01  7.21402819e-01 -9.87182235e-01 -8.74209003e-01\n",
      "   3.47466875e-01  6.27068128e-01  5.98392759e-01  6.87581125e-01\n",
      "  -4.76660736e-02  9.94020586e-01  3.92308901e-01 -9.75706948e-01]\n",
      " [ 3.35778811e-01  9.16827264e-01  8.51429154e-01  4.96497007e-01\n",
      "   7.21402819e-01 -5.05706519e-01  5.45298402e-01  4.51761728e-01\n",
      "  -3.63965224e-01  2.05697810e-01 -3.55426551e-01 -1.51787029e-01\n",
      "  -1.42920784e-01 -2.98890377e-01 -3.44035420e-01  4.25987262e-01]\n",
      " [ 4.68694548e-02 -8.22128720e-01  9.63885386e-01  1.42791201e-01\n",
      "  -9.87182235e-01  5.45298402e-01  9.56531428e-01 -8.24464226e-01\n",
      "   4.21759727e-01  3.10242128e-01  5.93278365e-01  9.59377417e-01\n",
      "  -1.52525114e-01 -6.57957120e-01 -6.49180500e-01  4.33501361e-01]\n",
      " [-5.43526828e-05  4.88194959e-01 -6.45546519e-01 -2.23866536e-01\n",
      "  -8.74209003e-01  4.51761728e-01 -8.24464226e-01 -2.09816583e-01\n",
      "  -7.92893423e-02  8.27381525e-01 -5.49343116e-01  9.47968810e-01\n",
      "   1.72600707e-01 -2.16650401e-01  3.49597300e-01  2.92090047e-01]\n",
      " [ 7.37708589e-01  2.68139959e-01 -6.85661240e-03 -6.72913168e-01\n",
      "   3.47466875e-01 -3.63965224e-01  4.21759727e-01 -7.92893423e-02\n",
      "   1.49397211e-02 -8.69459167e-01 -2.75384099e-01  7.35395840e-03\n",
      "  -7.54618680e-01  5.06099980e-01 -2.74356098e-01  2.22677369e-01]\n",
      " [-6.34113351e-01  9.26038280e-01  6.01834073e-01 -3.74790068e-02\n",
      "   6.27068128e-01  2.05697810e-01  3.10242128e-01  8.27381525e-01\n",
      "  -8.69459167e-01  6.69976408e-01 -1.65103776e-01  5.06893077e-01\n",
      "   8.67537820e-01 -1.21542136e-01 -3.40208335e-01 -8.52567135e-01]\n",
      " [ 7.55057812e-01 -8.26370256e-01  4.16837514e-01  5.78309247e-01\n",
      "   5.98392759e-01 -3.55426551e-01  5.93278365e-01 -5.49343116e-01\n",
      "  -2.75384099e-01 -1.65103776e-01  8.28199673e-02  8.27675335e-01\n",
      "   3.68100896e-01  1.76760219e-01  8.87355530e-01 -5.07188062e-01]\n",
      " [-7.22136642e-01  4.07571539e-01  6.42206177e-01  9.63656646e-01\n",
      "   6.87581125e-01 -1.51787029e-01  9.59377417e-01  9.47968810e-01\n",
      "   7.35395840e-03  5.06893077e-01  8.27675335e-01 -4.77058561e-02\n",
      "   6.47562717e-01 -7.45283056e-01 -6.01403319e-01  1.48756096e-01]\n",
      " [ 1.41369572e-01 -8.12309693e-01 -2.17239147e-01 -8.52517973e-01\n",
      "  -4.76660736e-02 -1.42920784e-01 -1.52525114e-01  1.72600707e-01\n",
      "  -7.54618680e-01  8.67537820e-01  3.68100896e-01  6.47562717e-01\n",
      "   7.93602465e-01  4.52247022e-01  2.43473157e-02 -2.11626468e-01]\n",
      " [ 1.38051709e-01  6.51914444e-01  6.43209469e-02  6.26488191e-01\n",
      "   9.94020586e-01 -2.98890377e-01 -6.57957120e-01 -2.16650401e-01\n",
      "   5.06099980e-01 -1.21542136e-01  1.76760219e-01 -7.45283056e-01\n",
      "   4.52247022e-01 -4.39835196e-01 -9.51973599e-01  9.84046457e-01]\n",
      " [ 1.28825642e-01 -3.10021153e-02  7.97647530e-01 -8.27975128e-01\n",
      "   3.92308901e-01 -3.44035420e-01 -6.49180500e-01  3.49597300e-01\n",
      "  -2.74356098e-01 -3.40208335e-01  8.87355530e-01 -6.01403319e-01\n",
      "   2.43473157e-02 -9.51973599e-01 -6.73263818e-01  8.47490715e-01]\n",
      " [ 5.78495097e-01  1.13670980e-01 -5.55093208e-01  1.15495165e-01\n",
      "  -9.75706948e-01  4.25987262e-01  4.33501361e-01  2.92090047e-01\n",
      "   2.22677369e-01 -8.52567135e-01 -5.07188062e-01  1.48756096e-01\n",
      "  -2.11626468e-01  9.84046457e-01  8.47490715e-01 -6.95984195e-01]], J: [[[ 0.17992119  0.39243021 -0.72691317 ... -0.96421716  0.15994036\n",
      "   -0.61777945]\n",
      "  [ 0.95106596 -0.78504554  0.64427432 ...  0.79083355 -0.16564927\n",
      "   -0.08065009]\n",
      "  [ 0.70410466 -0.15824319 -0.21741249 ... -0.6600231  -0.22827012\n",
      "    0.51023621]\n",
      "  ...\n",
      "  [ 0.2569176  -0.14125861  0.71969506 ... -0.28818756 -0.35389261\n",
      "    0.17252842]\n",
      "  [ 0.85374212 -0.72646543  0.06750419 ...  0.37546464  0.85511762\n",
      "   -0.76944209]\n",
      "  [ 0.79094781  0.32736748 -0.2451117  ... -0.15372418 -0.47664932\n",
      "    0.33840744]]\n",
      "\n",
      " [[-0.98680295 -0.63431424 -0.76578718 ... -0.18883396 -0.5473339\n",
      "   -0.00875546]\n",
      "  [ 0.4999115  -0.67211469  0.37860347 ... -0.07124918 -0.55493332\n",
      "    0.51293422]\n",
      "  [ 0.76477332 -0.50531756  0.61272064 ... -0.12338992 -0.63932783\n",
      "   -0.99235825]\n",
      "  ...\n",
      "  [-0.44110683  0.73838743 -0.4176072  ... -0.19321692  0.61903929\n",
      "    0.25232077]\n",
      "  [ 0.13926823 -0.9348553   0.05577009 ...  0.56295235  0.81499785\n",
      "   -0.00613036]\n",
      "  [-0.38144579  0.6875687   0.70661971 ... -0.34737336  0.70995638\n",
      "   -0.62543862]]\n",
      "\n",
      " [[ 0.77234986  0.42597908  0.09913681 ...  0.63249341 -0.09140194\n",
      "    0.60194479]\n",
      "  [ 0.64427432  0.41873939  0.36456579 ... -0.72886912  0.89670701\n",
      "   -0.51217943]\n",
      "  [-0.64108895 -0.04955075  0.1650045  ... -0.41829976  0.93375724\n",
      "    0.28924492]\n",
      "  ...\n",
      "  [-0.71590012 -0.15279621  0.73305303 ... -0.32629421  0.13335657\n",
      "   -0.01083967]\n",
      "  [ 0.00986297 -0.13857065 -0.3755997  ...  0.75550562 -0.80801093\n",
      "   -0.28450372]\n",
      "  [ 0.44846474 -0.21869554 -0.87749258 ... -0.85721453 -0.89748209\n",
      "    0.66396409]]\n",
      "\n",
      " ...\n",
      "\n",
      " [[-0.61074672 -0.89992807  0.5012515  ... -0.29471619  0.7069\n",
      "    0.14324998]\n",
      "  [ 0.79083355 -0.99950306  0.32768402 ... -0.64490228 -0.11251829\n",
      "   -0.94458   ]\n",
      "  [-0.6600231  -0.12338992 -0.82065044 ... -0.12135228  0.88590409\n",
      "   -0.61377466]\n",
      "  ...\n",
      "  [-0.32910485  0.96581037 -0.71966002 ... -0.76481348 -0.08382114\n",
      "   -0.54157275]\n",
      "  [ 0.6891598  -0.75912918 -0.88714875 ... -0.78739415  0.58330511\n",
      "    0.19510468]\n",
      "  [-0.19757765  0.18554186 -0.56188737 ...  0.84861901  0.9842\n",
      "   -0.30113446]]\n",
      "\n",
      " [[ 0.43880228 -0.0252537  -0.83026663 ...  0.32496711  0.319621\n",
      "    0.264119  ]\n",
      "  [-0.16564927  0.87155733  0.81504029 ...  0.25879748  0.02541699\n",
      "   -0.42166357]\n",
      "  [-0.22827012 -0.63932783 -0.72314078 ...  0.75901486 -0.56511383\n",
      "   -0.25640569]\n",
      "  ...\n",
      "  [-0.35389261  0.61903929  0.13335657 ...  0.18058228 -0.42498408\n",
      "    0.16174043]\n",
      "  [-0.96998833 -0.33651886  0.55522954 ... -0.47753826 -0.84003771\n",
      "    0.81981396]\n",
      "  [-0.90385074  0.99540097 -0.62394309 ...  0.23996579 -0.73193733\n",
      "   -0.49445475]]\n",
      "\n",
      " [[ 0.46107208  0.28378842 -0.83808455 ...  0.67370127  0.38321579\n",
      "   -0.80699141]\n",
      "  [-0.08065009 -0.8902388   0.18808051 ... -0.86151596 -0.93723408\n",
      "    0.88059135]\n",
      "  [ 0.51023621 -0.99235825 -0.04780567 ... -0.35877316  0.89122014\n",
      "    0.45683572]\n",
      "  ...\n",
      "  [ 0.17252842  0.25232077 -0.01083967 ... -0.78584764  0.68655383\n",
      "    0.45486884]\n",
      "  [-0.76944209 -0.00613036 -0.28450372 ...  0.19510468 -0.70986889\n",
      "   -0.32673883]\n",
      "  [-0.74084371  0.71262261  0.77579055 ... -0.70229569  0.37166201\n",
      "    0.01315737]]]\n",
      "ys: [-0.4432537613468422, -0.4246040881142792, 0.04220157856118999, -0.37944819420438847, 0.11693636459477559, 0.0195546646340834, -0.06059972085735911, -0.10703890852908408, -0.3089556350981229, -0.05979509293506121]\n"
     ]
    }
   ],
   "source": [
    "# Create initial samples\n",
    "# 初期入力データを作成する\n",
    "\n",
    "# random.default_rng(0)ではシード値0でdefault_rngのインスタンスrngを作る\n",
    "rng = np.random.default_rng(0)\n",
    "\n",
    "# xs_realとして、N個(行) × Nビット(列)の0, 1の整数乱数配列を生成する。\n",
    "# xsはN_initial_samples個(行) × Nビット(列)の0, 1の整数乱数配列とする。\n",
    "xs = rng.integers(2, size=(N_initial_samples, N))\n",
    "# print(f\"xs_real: {xs_real}\")\n",
    "print(f\"xs: {xs}\")\n",
    "\n",
    "\n",
    "\n",
    "# h, I, Jをランダムに作成\n",
    "h = rng.uniform(-1, 1, size=N)\n",
    "I = rng.uniform(-1, 1, size=(N, N))\n",
    "J = rng.uniform(-1, 1, size=(N, N, N))\n",
    "\n",
    "\n",
    "# I, Jそれぞれについて対称性を確保\n",
    "for i in range(N):\n",
    "    for j in range(i+1, N):\n",
    "        I[i, j] = I [j, i]\n",
    "        \n",
    "for i in range(N):\n",
    "    for j in range(i+1, N):\n",
    "        for k in range(j+1, N):\n",
    "            J[i, j, k] = J[i, k, j]\n",
    "            J[i, k, j] = J[j, i, k]\n",
    "            J[j, i, k] = J[j, k, i]\n",
    "            J[j, k, i] = J[k, i, j]\n",
    "            J[k, i, j] = J[k, j, i]\n",
    "            J[k, j, i] = J[i, j, k]\n",
    "\n",
    "## 対称性確保方法その2\n",
    "# 行列h, I, Jとそれらの転置を足して√2で割る。\n",
    "# I = (I + I.T)/2**0.5\n",
    "# J = (J +J.T)/2**0.5\n",
    "\n",
    "print(f\"h: {h}, I: {I}, J: {J}\" )\n",
    "\n",
    "# # J, hそれぞれ1に設定\n",
    "# J = np.ones((N, N))\n",
    "# h = np.ones(N)\n",
    "\n",
    "# コスト関数の返り値を求める\n",
    "# itertools.product(range(a), repeat=N)とすることで、a未満の自然数で構成されるNビット列を生成できる。\n",
    "ys_all =[cost_function(x, h, I, J)for x in itertools.product(range(2), repeat=N)]\n",
    "ys = [(cost_function(x, h, I, J)/abs(min(ys_all))) for x in xs]\n",
    "print(f\"ys: {ys}\")"
   ]
  },
  {
   "cell_type": "code",
   "execution_count": 5,
   "metadata": {},
   "outputs": [
    {
     "name": "stdout",
     "output_type": "stream",
     "text": [
      "ys_all: [0.0, 0.2315935321606648, -0.5509114453339283, 0.30413969198370383, -0.4773684929059103, 0.6949552571864193, -3.9420773786338668, 0.3163733818514207, -1.0530694908144405, -4.5874729502736145, 0.005668079929466829, -2.913428318917114, 0.7062093684324815, -2.4672122484968857, -0.318745994351455, -0.4141911454322358, 0.758207987303976, 0.10865335506748486, 0.11058073314638017, -0.4154345161169417, -2.4114686478626806, -2.2367560964868374, -6.483817386899574, -3.722896047314571, 0.9368590975606199, -1.7275025908118726, 2.602801959535367, 0.05382910959166898, -0.4059581454787202, -2.8258010256407387, -1.3346322615170856, -1.176416898014316, 1.6309871360917954, 3.5384652292315497, 3.342587373211419, 7.16344641704991, 0.36305826437561306, 4.266701577352467, -0.14824411008045546, 8.131449558831127, 3.5260727181736042, 0.9953785745353858, 5.431878765582675, 4.806415028098815, 6.8734956669979255, 5.759218367794947, 7.386503609697489, 10.640126121884864, 3.0738487853359633, 4.096437386735053, 6.271865286828401, 8.707916616742422, -2.1082843810169036, 0.794006405899951, -1.6440945355854257, 5.134328385082354, 8.392273113168002, 6.727879413272955, 12.488416525004393, 12.22933500907991, 7.415703807330115, 7.051263917550978, 9.608125069971726, 13.111666769399147, 0.8456722097021254, 0.7176874718177788, 0.718925192944522, -0.9778553382377762, 1.1225215527702954, 2.799418961826504, -0.21179718903038225, 2.3589738319638665, 3.1330550573758886, 0.8963242403873981, 5.417190777975348, 1.6035136231445313, 5.972705919208792, 4.961108873759001, 7.879374421631366, 7.753500443575236, 2.650358079692685, -1.2873714280024129, 2.7928468493348024, -3.2135966738420443, -3.704969899723089, -5.954280294796964, -5.280976899609313, -7.1363319049289355, 4.536020023924025, 0.2407343726086204, 7.793312630977716, 1.4211624196361867, 0.3337056032474699, -2.852909310848567, 2.7026069476390013, -0.09820312124716768, 2.4829129172088127, 3.623859007853759, 2.923112672651677, 3.785186315540438, 1.556657250653881, 5.557920490144817, 1.4801801098720089, 7.665240306842756, 9.448645556048458, 7.808670322431125, 10.884284843059994, 8.957286617142115, 13.463895876645937, 14.10448941647274, 15.212962774298918, 18.029202727061154, 3.825845116583973, 1.1533051100746607, 6.118412731623036, 2.6670820551737386, -4.954484024830843, -4.883169916813495, -3.689517350501781, -1.9343245071884234, 12.581474996660344, 8.8792036013726, 16.57340324332259, 12.084190633550485, 8.33286388237242, 6.794698226209466, 12.127295695190847, 12.26485822977953, 0.15132781814920349, 2.641206045250006, -3.203527743324571, 2.6999586330124346, -0.3561519649237481, 5.023618109586169, -7.043634092907271, 4.212413536074841, -1.6765655460797986, -2.842584064431452, 0.7599059550496001, 2.999345041389777, -0.7528896582536597, 0.3912352954019467, -0.8189402167678244, 6.193311746815606, -0.8693827469970306, 0.7091888059508156, -2.0331053890595374, 2.459156090940715, -4.186882378106943, 0.1651179879306912, -9.19415563116447, 0.5342040671615613, -2.917926623739895, -3.2440618807606683, 2.4135988968552784, 4.993003022342538, -5.214058543976234, -3.346513363309076, -2.8959791275098885, 4.339774840901292, 3.615463817832056, 9.380844718284594, 0.503724299801174, 10.972636695031683, 1.0499074894253, 10.760615239192392, -4.703563766296992, 12.173344883484054, 1.2252560134103285, 2.6625649232522757, 2.489400352194231, 8.62209021226978, 2.469559824290335, 7.272447208044975, 1.9220769322490099, 13.883014671473243, 2.272711250404198, 7.123044149360272, 2.935236724981065, 11.98918289653131, -4.324761078415457, 4.354435635535838, -6.814891386015273, 8.530588005766187, 1.8534710781477546, 4.126921921977077, 7.595801509593914, 14.064715081473032, -1.3439290714106529, 4.178637212012022, 2.0758500847250083, 14.256548501433475, -0.9930088714371719, -0.7642373790465393, -2.3490058813839334, -0.8988796382120154, -1.0506089974099575, 2.932206271398681, -4.033006858515513, 3.6338325663104016, 2.485474957617484, 0.7156006170713525, 7.7220387315531225, 7.165368597243907, 4.18518466915569, 5.589605729625715, 8.625452098798721, 13.705746770741646, -1.743642377473841, -5.3547741646497595, -0.5425548727859459, -3.432250131364376, -8.551131531706783, -8.524682576784024, -9.487368922662949, -6.276814033906696, -0.11925056544655765, -3.9778382500753953, 8.378318823178244, 5.233017122602519, -5.579217842194021, -6.37997316012604, 1.6111311576529006, 3.986331229009982, 3.7426432327853894, 6.839963666077962, 0.9341973560284369, 6.542795885644061, 1.2144219306659696, 9.121221142281984, -2.529529968431439, 10.351216744743619, 8.389007339916954, 8.815506695114632, 10.75767904125401, 13.687305948230366, 9.996800343696199, 14.653030101815451, 12.260070529558982, 21.882097244692922, 1.5235603919115088, 0.7772362182940171, 2.8553311029856943, 4.120366803507461, -8.976446090844005, -5.029754520457383, -9.091105446595545, -0.6703845968336768, 6.5074506266948475, 4.841495310466302, 13.720260015917539, 14.057514029283874, -0.2663295101875167, 2.1809825421861833, 6.33015431907563, 13.243345106280227, 1.1811334445150607, 0.15978501251549315, 0.8487079177800174, 1.5376545019613652, -1.6057293796412813, -1.608218966022471, -3.695776075298401, 0.47469875973731646, 1.16820680248257, -3.396949622350302, 4.965825412376489, 2.1028134591801653, 0.1287379982360648, -3.997307956380289, 2.9988399460740913, 3.0376078683302796, 4.341611416656932, 0.9643076154217625, 5.31931417764473, 3.1523871704066817, 0.7974730530003218, -1.6774349369358024, -0.4933693994192283, 0.7047688098777638, 5.80026865777985, 0.630346799195213, 11.611936655451116, 7.644241046319234, 3.59373635400756, -1.2535380686798792, 7.966963645137663, 6.784584877138959, -0.8892812274916486, 0.1627637736750427, 2.234330539466603, 6.28659390235598, -3.1997147682136626, -0.07337591952316047, -1.1428293413591524, 7.44639727429003, 4.241651537200709, 1.07771330037596, 10.079864234999533, 9.907993815353109, 6.057316484776196, 4.387923720073406, 11.658907349337468, 15.444251807048994, 2.265839822383496, 0.9581881269710768, 8.282711950261069, 9.475360394387542, -2.0237654102147267, -1.3735862924226658, 2.4154563330738386, 8.028604995640778, 11.059974614910406, 7.287529616990387, 20.49536877368307, 19.215073370757537, 10.486679910584181, 8.092317350466773, 19.174528191634025, 21.73498463174714, 3.6919059211445235, 3.500430329623385, 3.646467886864639, 2.9730339130694996, 4.0187236926937375, 5.710258875799867, 3.9218902048427324, 7.594136410910849, 4.26582686060125, 2.187794188762505, 9.151666684229552, 6.583525085572436, 6.666192818672208, 5.891422546058873, 12.330741695595577, 13.528531901399859, 6.797507564327573, 1.3214799981572367, 8.42814941299391, 1.9702452423657817, 2.4271806161533203, -1.2822992097090815, 3.4955029667632678, 1.2668159416790674, 7.209570882426206, 1.5981761714220994, 14.475411689055239, 7.873989829048973, 4.503004160748178, 0.07840881465014693, 12.036629976187017, 9.084676886322812, -0.4230876162176982, 1.051876492977627, 1.291946732942627, 3.574875805405718, -0.032385192046985534, 4.3810246936810415, 2.3221485323605515, 10.006192786592337, 7.0248874482335095, 5.941119231953092, 12.255756449513632, 11.971802651956608, 11.867842527313629, 13.142771712164073, 18.56831541070717, 23.105728419516986, 1.5307497721430328, -2.282579420654353, 6.50499607744607, 2.9997136257326567, -3.99758867578566, -4.98893512636967, 1.105232960279321, 2.8846026560152747, 11.008485359915294, 6.3876137771259955, 20.20248741739265, 15.881512031142947, 9.52261160687049, 7.143974390892707, 19.67529350197597, 20.059221887773774, -0.18827433308842934, 1.7356417050905804, -1.879030707113922, 4.545330891325241, 0.08647702464166152, 4.9784135379165, -3.780729644421628, 8.074321834349355, -2.097620975361338, -3.607412683848248, 4.523344833767469, 7.505848140996342, -0.8809672789751528, -0.0024868877680919166, 4.393652741982044, 12.227097554140876, 4.898681387187907, 4.436483546375516, 6.805902029120195, 10.344231526384164, 4.298445499641512, 6.687805099605621, 3.5182918020507383, 12.3708481453272, 3.0085475144854623, 0.863831862490984, 13.931411439626551, 15.77907258116406, 2.9404260055696474, 3.0675194189498205, 12.006020098053844, 18.588159710201985, 1.9232109295749653, 7.520138513292879, 1.6690962102321085, 13.056392699751946, 1.4068754042158538, 11.02725846493503, -0.3327947813464671, 17.54062659041064, 1.6472541809379286, 3.1382987728317846, 8.289418438960977, 15.562681392112388, 4.451525462622582, 9.386277156115845, 10.438238761292356, 23.617878221279184, 5.998114063362765, 9.205186440745761, 10.925108433174149, 19.422631494175285, 3.3848951403512233, 10.498959960416157, 6.315409999457892, 21.18259490837695, 7.932988228975329, 8.785367550018112, 20.460182676207147, 26.59486213632367, 8.230588152982042, 12.410211541304905, 19.591407596375333, 31.516000529007925, 1.6782807977626883, 2.5305412117549695, 1.849206039143042, 5.009658614940555, 4.7623745723244175, 9.446807390421416, 4.46307523401793, 13.918369619156163, 2.3217065917744497, 1.3975101716165041, 11.60558773758833, 12.98143293469125, 6.673856871604187, 9.002084480149101, 16.31761794459741, 23.408556575639174, 5.933959365503183, 1.4715092950904731, 10.068813218064703, 7.4146370872734355, 4.203196714565238, 3.456456013937924, 7.356901942954642, 10.88110458718476, 4.963156424571909, 0.47543945549280586, 18.914887281621475, 16.22729370761943, 4.0906623188764435, 2.7389063441808705, 17.89134905862008, 20.802385884237573, 3.010449728195388, 7.128767955276777, 2.9224517140052955, 10.638885448433685, 4.890911988855087, 13.896837621946638, 5.023584223796484, 20.090294769471015, 7.017460134112656, 8.687146281885685, 14.626974818567696, 19.886625929143356, 12.544683368428037, 18.522228546809345, 21.20497280888077, 33.235152355300706, 5.107668376891753, 3.907534792224641, 10.566731047079303, 12.464794747575397, 0.9513780596758366, 4.522388846699544, 6.120186934509601, 15.252064411932514, 9.692068192545129, 7.794492464053473, 23.552564661432317, 24.745035673559485, 8.772750888959353, 11.066571156756675, 23.17309806935899, 31.019634483011103, 2.2846886313018127, 4.023699303240292, -0.5098974107311647, 2.8612344073531437, 2.327074823593959, 4.581099546072894, -3.021970243328618, 3.326845030532137, 1.9190931140365979, 2.2909032680939987, -2.826018153265358, -0.8302373976065041, 2.6291616373907685, 2.9362374665867677, -3.840304147934603, 0.5534116880988407, 3.319730624090952, 5.821622798840346, 3.002946176550104, 6.637041275261531, -1.1142452600160653, 1.786197930954456, -4.496412776931782, 1.9989027432367565, 0.8997469973573726, 3.7856285897095248, -0.6636415753979461, 3.3462923963718607, -3.276334515713134, -0.5716502825417189, -7.075001650977146, -0.7835956331520793, 3.586699929772604, 6.362399157553212, -0.15628407649432985, 5.541459642973875, 2.308306498035676, 6.654454778262171, -3.298241704302521, 6.432620472847564, 7.362022973981535, 8.09834643872293, 0.25307053665723456, 3.903287948541851, 9.130016341694303, 10.85704048347973, 0.9876042151649229, 8.091191709329564, 5.858023868863176, 9.392863272111185, 6.17597353028486, 12.132939203036658, -1.1186277916488523, 3.8701976297257126, -3.1751663707837112, 6.698454725330652, 9.770576948282887, 13.01723052397552, 7.426479278701708, 13.087108579353762, 5.430524127195039, 9.551415345612366, 1.5420427239235106, 10.539579072536254, 1.8173756799820011, 1.9821835828308332, -0.9637883091437103, -1.3591126586039708, 4.020470754255752, 5.564444636653925, 0.39107345559139195, 3.837584490916474, 3.8316083466364343, 4.286466644119882, -0.09884714647902926, -0.21227164584905012, 7.028539918584116, 8.28281582021505, 3.0799556227961906, 6.228618132809654, 7.9488397626995235, 5.947932562945674, 8.011428963289333, 4.950471289042598, 1.7357035803509142, 0.997499325827077, 0.4391354269168073, 1.1035501031360762, 6.275242815372086, 6.3155759457366845, 5.8924616120266515, 4.864593723353986, 0.646155170671886, 1.3694428708646418, -0.2656788798312717, 1.8520772065602096, 2.367541416809357, 3.162084143050521, -3.0575854468033947, -1.5332516273295538, 2.837312236241204, 6.066455943937145, -2.745153108091857, 3.676451098072755, 10.252887363207574, 10.665305238925216, 2.263025789816674, 3.397084214222616, 14.095199148701012, 16.36246963047158, 6.778103601456001, 12.229684037150868, 8.58888011327272, 7.213966409567693, 7.590638512571977, 6.445597679915826, -0.5794764762937334, 0.3637477671366842, -2.2459806022000586, 1.3897859175152347, 14.978014590368197, 14.9721659716235, 12.11895937994382, 12.33483308770361, 8.772411006837833, 10.504951959826702, 6.075197778074058, 10.492130462803425, 2.8462813861607117, 6.2207606863936915, -5.804827635406511, 1.9919233550515294, -0.1517179683860319, 5.686937011864856, -11.776115140958582, 0.9474809347533653, 3.2183897227797296, 5.335768751299012, -3.201566477531135, 3.3299336966688333, 0.08258101804126716, 4.0843873511766, -8.480558826408734, 2.398038057643278, 1.1407615793752777, 5.2479638726633695, -2.7446971194648797, 5.284858641864476, -6.451311557346844, 0.003603381639823544, -13.820982451677597, -0.9810446394136645, -1.9938893070590156, 2.607402649999215, -2.9442740845883106, 5.5712207959668145, -10.133559753998371, -3.7643035266434266, -13.738052220152069, -0.9919236640642368, 3.5996330670021073, 9.61041903544986, -8.019269557809732, 3.703711446404848, -1.986662078097243, 7.543734572273852, -15.887958025096069, 1.8173030662778513, 4.602190452006294, 8.683700903582219, -6.201002557337575, 3.5845523854608015, 1.2567904251028932, 8.278163183200304, -10.998691399561784, 4.189395254994084, 2.1236995422962943, 8.863467176455643, -3.1464206865919984, 8.805623761150395, -9.278565537354375, 0.8643497444089856, -17.342003132914932, 0.4758583676674679, 1.8111158489263202, 8.372797901697679, -1.9393736644394983, 9.826434657370529, -7.760042072553919, 1.6250392524195958, -13.4737444457258, 3.57813255352236, -1.755325100981147, -1.8565770345029757, -8.818317946690415, -6.689551588442098, -2.8969537524202, 0.33012192308476895, -11.227009033783837, -3.3072456612727366, 2.962536274352969, 3.2614349816331383, -1.068070028820715, 1.4526964256852235, 2.0092524393341007, 5.0567303802392125, -2.458311792627756, 5.273703300739115, 0.8591763585847836, -1.4379491872955228, -1.07221456917403, -1.6392400454679903, -8.816395255252843, -7.901656226425684, -12.5257726631513, -7.418264159501792, 0.43683700635208367, 0.2910520367576066, 2.241753721183364, 3.8179182766308535, -9.460177751090873, -6.973846521379741, -8.603143009533047, -1.9321928495439438, -0.48855644865837045, 1.639544553584781, -12.21490780786534, -6.566865168310269, -4.6310255214628615, 1.8808380917125167, -16.93354448750587, -4.439069831782573, 6.589948693330547, 8.446025091217559, -3.519459329129223, 1.8484081615253238, 5.014528905333913, 10.674619538751307, -4.840942217095706, 6.793608914325226, 1.209123960431591, 1.1376100229727468, -3.8024934076284405, -0.8539839299591752, -12.689184227147402, -8.493398587993362, -18.787893246528743, -9.109414787010587, 5.339046519532835, 6.746697913201698, 2.6482935882745053, 7.067817852527103, -6.402000343263822, -1.3067977483839304, -9.349740418977268, 1.2200044517223692, 0.7050684513256251, 2.81478046612954, -1.9098263840485536, 2.918844187925139, -3.9675862529248294, -1.2647315598937432, -7.980763841716654, -0.09628118627980253, -0.4793839384593912, 0.4853165572499769, -2.5244088785514203, 1.1510996297833478, -4.973609643890817, -3.995514845356136, -7.586812830534314, -1.4352406141382366, 3.7570528206799425, 5.154839133456326, 5.026803676344405, 8.643630324106773, -3.4569313572091955, -1.582465400524979, -4.0963872994476525, 2.4597883974585355, 0.7580756035108882, 2.762040332676564, 3.301617454512007, 7.516471974119291, -6.687267535584736, -4.786371537913093, -5.222827975620358, 1.3516272177288948, -4.157331804702405, -0.6134223618691934, -6.527098993070796, 1.0256923524739605, -8.883776470737336, -3.691289347771522, -11.960931583705035, -0.2968931527916878, 0.9948387008153248, 2.721561379395857, -2.220501798059308, 3.50695223868839, -1.1744724980129093, 1.621079485298371, -4.267096414620667, 4.991856332093777, -0.5590760732535676, 2.2691663402086, 2.5389345026131593, 8.87614059660308, -9.048746365303122, -4.688389306027684, -7.1690477585209775, 3.162942386518203, 4.970187749559267, 7.732433334252585, 7.9265461149742675, 14.189604835650972, -1.3721370353090983, 2.342474819795627, 1.1960138678874956, 10.8741082642116, 2.236042375206517, 3.961002731444224, -0.5026073433815625, 1.7490581715710036, 2.083559312669143, 5.265814276142906, -0.3471474439856288, 5.824482083438987, 0.6778134123421602, 2.9150131620010167, -0.6897326896845435, 2.0660216741447943, 1.0299135152357193, 4.144659496728778, 0.8004148820085066, 6.8963848829080465, 9.28309462284381, 7.36753267164039, 10.795042190517757, 8.90626717584541, 2.649412906444554, 2.0746825281578642, 3.958379391566539, 5.873105355046903, 4.276899328081912, 4.624766705783468, 7.863871612371738, 8.230375382059988, -2.261987182911936, -1.1530366076954985, 1.9521085256921313, 5.542364898131238, -5.429035879235352, -2.6768318274181446, -9.618122861070733, -5.0492903049968945, -6.047853534370032, -0.7829198734113276, -9.238102725453766, 0.30612884499755766, 1.0795527714726687, 3.6718209715528887, -3.1538737995897215, 1.2468723602027503, 3.344022750156591, 7.869272183976456, 0.9395384767120318, 9.735935275480136, 1.0178803979408646, 0.12582081497343633, 2.662522775564004, 3.0871734746693953, -7.304032063431635, -5.799825071576889, -5.171475939542136, 0.11211073962142892, 6.2701208614304855, 6.969315362209899, 8.574344749881114, 10.58209898818897, 0.42170807385106834, 2.937420774050784, 4.043950215434265, 10.330892058398419, 2.652754594593153, 7.084915012930008, -4.373049951465874, 5.568219568119989, -1.9685601844427174, 5.0059045415987615, -10.811476610035111, 4.1347666224913695, 1.0844099318665115, 4.4816590772762, -1.1898466723850312, 7.7083610297293, -4.163967529604074, 1.1958375481083798, -7.425231506522798, 5.89820153313029, 6.669573464957579, 10.359649671511095, 5.816263338172127, 14.51553042379087, -0.6107824934931947, 5.505134986445613, -3.792128544297282, 9.795649219942732, 1.8343328612619467, 6.240687730372146, 6.436491776338493, 15.843886979969533, -6.482873739649053, -0.23042597255542963, -3.3786462417249696, 10.337511265125496, -0.4095542079852248, 7.056421750753567, -9.209626746049123, 5.055381659480446, -6.352175115329104, 4.711540153019745, -16.27846470410804, 4.04695241626759, 0.8482545115018991, 6.607143952155395, -4.615713290542902, 7.934058052356999, -3.3427246098890215, 5.434155764972676, -9.102804955782684, 8.927626726561423, 3.1468403602519013, 9.866990779863842, 2.1023943146580626, 15.121658958876985, -6.6767178788828145, 3.524708816019853, -9.358305019676958, 9.604905305068684, 3.3293712834491904, 10.093625120459679, 6.324951073928958, 19.380168591002047, -5.152333129758082, 4.513448607141257, -2.9637899276124378, 15.455624894585522, 1.3952265361621539, 3.541106831267639, -4.1796387701600874, 1.2830972277394985, 0.9897452199654495, 6.5420817517844485, -4.696006250539197, 6.635855389309878, 1.419030155151625, 4.187250089845643, 1.396946511916093, 7.473871604859834, 0.7126403231321103, 6.307568119137786, 1.4097750225803514, 12.776077382071739, 8.630712461232534, 7.105911939141084, 9.594293169407258, 10.886430127926122, 1.6263207853977415, 3.391513465700468, 1.9680912849047727, 9.012890851053797, 3.7541786347395174, 4.6029076877204425, 10.974462106055459, 14.631978095102312, -3.9609095169436124, -0.40193563697035817, 3.4676682525708387, 12.298098473845997, -3.2044977317052474, 1.568244371352388, -12.249195940285443, -2.869674788891944, -5.34382980702279, 3.890803534653788, -13.80851935096706, 2.495562444281362, 1.3756539877676228, 6.098560485255657, -3.5317057635142426, 5.78982923776527, 1.3141178650149377, 9.919167225720063, -2.1831287147648197, 13.48321855496778, 2.4241565586822444, 3.5224765171994474, 1.501036437795498, 6.706217222464758, -7.535982028649335, -2.09223386583251, -8.390017529385435, 3.623260864819439, 4.295588977351768, 7.095263265783201, 8.213728413817845, 15.112112983856967, -3.9965416174404584, 2.568812499888727, 0.8207869460424582, 13.947520750215311, -0.7539684872150996, 2.095454809203855, -2.667468024571823, -1.088102261588062, -0.770952042495715, 1.6372517618853755, -4.778989009397013, -1.178173333215122, -2.304356797204144, -4.285492140539791, -0.7116472514044412, -3.970990672719657, 0.5682690409888056, -2.4338341697865626, 0.8965456641101182, -0.9210962194088246, -2.27727854598679, 0.33122926384183793, -2.8617421086508337, -2.023210054441197, -4.988601654784724, -2.9377763713132907, -8.178526691478618, -5.435007758390176, -2.420202984829693, -2.8910638792718304, 1.2054636357171964, -1.0435235588883083, -2.6517046601795773, -4.25999645638077, -0.8013950067963518, -1.72514369792491, -1.706788243491351, 2.103406652770614, -0.08168654665322128, 3.7483741617153172, -3.711432502432695, 0.7129779036968451, -3.4899734063208028, 3.4169722171513013, -3.980219504943385, -5.672758493594154, -0.26435193073721686, -1.9451756518257897, -0.7165499020234922, -2.3746217562085477, 2.425779578322622, 3.2420923969357536, -3.689514040916923, -0.12397595858879473, 0.8477557038103658, 3.9332413760612708, -9.610394005751521, -5.547103447875154, -6.987690906235745, -0.941783353200607, -2.363863286543668, -2.5498691536444387, 4.968093435606166, 4.293884613883795, -3.426217349542549, -3.694219116496938, 2.821277234261962, 4.527741917921972, -0.8998415512637894, 2.79467512720631, -2.6851587954997784, -2.4529530489197904, -0.31807392656063493, 3.7993751888804947, -2.491702884990244, 0.6261047037967622, 0.4621365801781061, 0.9833455314092983, 2.984262140377769, 0.03500961517447476, 4.259667764966725, 4.62406077776709, 7.223586117838956, 6.580187059440824, -0.44799517943144407, 0.07700940703473425, -0.5383248537513652, -3.9755494213590983, -6.500436288468808, -5.66896229935093, -7.490001721467609, -8.158087481187652, 0.6880053186430863, -0.20910788664580537, 5.609039548813324, 0.7415466449061463, -2.5584601903343254, -3.728852368373377, 2.29344278802321, -0.38465968339813084, -2.3505416418356333, 1.8977929040276826, -2.292822562129853, -0.21687560261488237, -4.168979351606037, 1.5577226331337413, -3.8086771572755405, 2.2083066463518843, 0.01858825641290407, 0.42143982987917794, 2.968306934765949, 1.1906203773394994, 3.7946185751156376, 5.096089212056519, 7.877024874959587, 9.460626786243743, -3.5045183412127594, -2.429437214696875, -0.16867961839443213, -1.7659043004106945, -13.179060937099614, -10.742075406026599, -10.051563144141843, -7.824214016364969, 0.8302520683475643, -0.18895984204975735, 7.762011489867663, 4.0623432263938195, -3.6596104590916703, -3.8966663403337165, 3.893912539434064, 3.4390697103514847, -0.054435527936377515, 4.215035164207985, -7.3830126653282955, -1.5934489625398915, 3.2137418587026643, 8.991154688286613, -6.62820183434955, 3.1319734111144357, -3.593173471632296, -4.044161173075148, -3.233863479342446, -2.1729087146856365, 1.759121627226569, 2.236327687821447, 0.43516957072229956, 4.88698750265284, -4.793702411680031, -0.7953057158817964, -8.505394846144336, -3.486823361885854, -4.337576284334523, 1.05229951458397, -11.073559318944405, -2.200839326329658, -8.377347597814758, -7.3482193601199, -3.6972318025427917, -1.6560793209320672, -6.246891718274943, -4.406032752861686, -3.760962016282364, 1.5545905982827624, -1.8284507977618492, 5.001409606598172, -7.6378223399695795, 2.002054420576253, -1.8154502813070656, 7.577787262397978, -9.44729355035675, 5.218629754770088, -9.600701206009727, -8.163474440395063, -9.137628824324084, -4.8985362470679785, -5.124878508947452, -1.7040229793896227, -5.654173347237582, 3.031217399197683, -8.0338290843812, -1.4787840037108178, -8.643183850464839, 0.22195936420755924, -12.05477597959589, -3.0528167938998116, -14.997526517006763, -1.2227997920726652, -13.659368590388741, -10.745767212979878, -7.292358332524495, -2.076809365657993, -13.62728126502146, -8.846514157988741, -8.763562271618257, 0.7818218301080844, -1.5863388201995114, 1.6266967893308366, -7.212039541520008, -4.671164319800537, 1.9762515675493846, 7.561381243528212, -4.456589994080454, 2.919048699323491, -0.24678546766903509, -0.09695733921020966, 2.616634661971454, 2.0861518580750307, 5.726076798911587, 7.668250618417032, 8.612460595108919, 12.33699288749511, -5.126850096916148, -5.113485089145518, -6.769714520085642, -7.928428122309683, -8.31618014868398, -6.047184108784203, -11.277109456648079, -7.717522621506983, -5.465645491337985, -6.7642980291550465, 2.084532036508018, -0.3943496558480801, -6.6544916242996095, -6.2772615053893634, 0.40772552561796793, 2.0673958952251485, -2.5929718911957584, 2.773499698100456, -8.39503192758515, -2.410797380558044, -2.698103004443949, 6.095897653206177, -8.61640905232434, 3.258023968292664, -3.756736284947616, -2.125647421881059, -2.485118676164393, -0.24441739991132883, 0.9271089490235933, 5.405978505042201, 2.9125850531819806, 10.463736427623104, -8.74600190334368, -6.582942243150702, -8.982093568385588, -6.701189172645503, -16.824949608484545, -11.350823914256983, -17.68821132950271, -9.633571494492069, -9.3964968993687, -9.21763002992154, -1.8549898191834946, -1.5664287587336019, -13.096256217315679, -10.186071689235797, -5.351814686240568, 0.13073343807803117, 3.349601266152808, 6.350420806965255, -0.1116845165569722, 2.705914901844233, -0.29136033121684135, 2.3463683452444606, -4.691007271999244, 0.22617068728680367, -0.0228457436926095, -1.6303958438482302, 2.5424726773051622, 0.7435519101939214, -1.2634512798316895, -3.813840619740321, 1.1936104899596447, 0.9145198883313943, 2.4177756944722715, 3.702872543855949, 1.69236998300168, 2.294328487790317, -1.9824928536542177, -1.176949902941022, -4.1571837676827, -1.572109756328554, 0.6926558378573207, -0.8794270182432367, 6.697775430148788, 4.434403684908814, -1.7170446090641183, -4.34842973923701, 3.